sh600000	浦发银行	　16.78	-0.21	-1.236%	16.75	16.78	16.99	16.91	17.07	16.59	2,095,973	352,629.15	收藏	股吧
sh600015	华夏银行	　14.82	-0.37	-2.436%	14.81	14.82	15.19	15.10	15.24	14.68	891,918	133,293.63	收藏	股吧
sh600016	民生银行	　10.18	-0.31	-2.955%	10.17	10.18	10.49	10.40	10.58	10.11	3,308,478	341,242.64	收藏	股吧
sh600036	招商银行	　17.16	-0.33	-1.887%	17.14	17.15	17.49	17.42	17.66	16.90	2,147,432	371,498.29	收藏	股吧
sh601009	南京银行	　16.72	-0.55	-3.185%	16.73	16.74	17.27	17.24	17.46	16.57	631,777	107,209.68	收藏	股吧
sh601166	兴业银行	　17.90	-0.15	-0.831%	17.91	17.92	18.05	18.05	18.24	17.65	3,670,505	658,835.72	收藏	股吧
sh601169	北京银行	　13.09	-0.28	-2.094%	13.03	13.04	13.37	13.20	13.36	12.95	2,219,175	290,756.11	收藏	股吧
sh601288	农业银行	　3.66	-0.05	-1.348%	3.65	3.66	3.71	3.70	3.71	3.63	7,066,818	258,970.41	收藏	股吧
sh601328	交通银行	　6.62	-0.13	-1.926%	6.61	6.62	6.75	6.72	6.77	6.58	2,954,607	196,723.26	收藏	股吧
sh601398	工商银行	　5.08	-0.05	-0.975%	5.07	5.08	5.13	5.12	5.13	5.03	4,599,146	233,302.88	收藏	股吧
sh601818	光大银行	　5.16	-0.13	-2.457%	5.16	5.17	5.29	5.33	5.36	5.12	4,464,202	233,407.90	收藏	股吧
sh601939	建设银行	　6.43	-0.17	-2.576%	6.43	6.44	6.60	6.56	6.61	6.39	2,153,616	139,254.34	收藏	股吧
sh601988	中国银行	　4.44	-0.11	-2.418%	4.44	4.45	4.55	4.52	4.53	4.42	7,777,979	346,815.55	收藏	股吧
sh601998	中信银行	　7.35	-0.25	-3.289%	7.35	7.36	7.60	7.58	7.60	7.30	1,146,732	84,985.99	收藏	股吧
sz000001	平安银行	　15.45	-0.44	-2.769%	15.45	15.46	15.89	15.80	15.88	15.27	1,752,717	271,888.52	收藏	股吧
sz002142	宁波银行	　18.30	-0.82	-4.289%	18.30	18.31	19.12	18.93	18.97	18.18	573,229	106,083.24	收藏	股吧
